{
    "frames": [
        {
            "idx": 2438,
            "transform_matrix": [
                [
                    -0.9966001996391458,
                    0.013697785016409725,
                    -0.08124292439873189,
                    544258.6054312326
                ],
                [
                    0.012518232223521894,
                    0.9998089713705499,
                    0.015010483968244004,
                    3925323.7073198976
                ],
                [
                    0.08143301505662076,
                    0.013942433525290818,
                    -0.9965812925226823,
                    1257.036601712289
                ],
                [
                    0.0,
                    0.0,
                    0.0,
                    1.0
                ]
            ]
        },
        {
            "idx": 2439,
            "transform_matrix": [
                [
                    -0.995551812356925,
                    0.042886992225344533,
                    -0.08388858569975033,
                    544272.9556280836
                ],
                [
                    0.04236763787009846,
                    0.99907036059185,
                    0.007962276570105424,
                    3925205.3279672875
                ],
                [
                    0.08415207765794805,
                    0.004372697649493795,
                    -0.996443328715244,
                    1246.9994075621316
                ],
                [
                    0.0,
                    0.0,
                    0.0,
                    1.0
                ]
            ]
        },
        {
            "idx": 2440,
            "transform_matrix": [
                [
                    -0.9942077001959893,
                    0.024896428980237903,
                    -0.10455245905780122,
                    544286.119786888
                ],
                [
                    0.02215929264517313,
                    0.9993827328760977,
                    0.027260208703677364,
                    3925085.976315776
                ],
                [
                    0.10516660411207926,
                    0.024785500865111467,
                    -0.9941456957239205,
                    1238.5992797211004
                ],
                [
                    0.0,
                    0.0,
                    0.0,
                    1.0
                ]
            ]
        },
        {
            "idx": 2441,
            "transform_matrix": [
                [
                    -0.9875194635534965,
                    -0.00257128263345727,
                    -0.15747602232921976,
                    544298.3078593296
                ],
                [
                    -0.008471503626120053,
                    0.9992864596460175,
                    0.0368076784712212,
                    3924966.751552338
                ],
                [
                    0.1572690138880723,
                    0.0376823575927389,
                    -0.986836611196061,
                    1230.5012005008816
                ],
                [
                    0.0,
                    0.0,
                    0.0,
                    1.0
                ]
            ]
        },
        {
            "idx": 2442,
            "transform_matrix": [
                [
                    -0.9851825482123231,
                    0.01961177748520502,
                    -0.17038405113667057,
                    544311.9510949972
                ],
                [
                    0.010893791598772727,
                    0.9985901750639948,
                    0.05195178120394494,
                    3924848.3163478384
                ],
                [
                    0.1711627062256124,
                    0.049325859845834034,
                    -0.9840072599061416,
                    1220.8832357573633
                ],
                [
                    0.0,
                    0.0,
                    0.0,
                    1.0
                ]
            ]
        },
        {
            "idx": 2443,
            "transform_matrix": [
                [
                    -0.9823074466874824,
                    -0.05573893911210575,
                    -0.1787882849880714,
                    544324.8506308132
                ],
                [
                    -0.059376740135738765,
                    0.9981220871432268,
                    0.015056622718983396,
                    3924729.849392743
                ],
                [
                    0.1776132959920845,
                    0.025406098155872435,
                    -0.9837723554071452,
                    1209.90103161472
                ],
                [
                    0.0,
                    0.0,
                    0.0,
                    1.0
                ]
            ]
        },
        {
            "idx": 2444,
            "transform_matrix": [
                [
                    -0.9858229155741948,
                    0.023681602224483473,
                    -0.16610948451209648,
                    544340.1047660831
                ],
                [
                    0.021071214670175007,
                    0.9996255085792805,
                    0.017459854235888788,
                    3924611.1506416765
                ],
                [
                    0.16646075525815834,
                    0.01371219580141785,
                    -0.9859527334741693,
                    1200.228673374057
                ],
                [
                    0.0,
                    0.0,
                    0.0,
                    1.0
                ]
            ]
        },
        {
            "idx": 2445,
            "transform_matrix": [
                [
                    -0.989029265824793,
                    -0.04280870141238029,
                    -0.1413807852059675,
                    544351.459840329
                ],
                [
                    -0.049211522940481846,
                    0.9979005013353105,
                    0.04210481498136119,
                    3924491.7661142913
                ],
                [
                    0.1392815039836542,
                    0.048600458003211236,
                    -0.9890594815934626,
                    1192.394135879857
                ],
                [
                    0.0,
                    0.0,
                    0.0,
                    1.0
                ]
            ]
        },
        {
            "idx": 2446,
            "transform_matrix": [
                [
                    -0.9738272052000365,
                    -0.10317827773422314,
                    -0.20252115300897444,
                    544364.1735752266
                ],
                [
                    -0.11462665180145261,
                    0.9923611785153814,
                    0.04560725898749008,
                    3924372.998103011
                ],
                [
                    0.19626845163977183,
                    0.06762791124501015,
                    -0.9782152935379628,
                    1183.3682947147727
                ],
                [
                    0.0,
                    0.0,
                    0.0,
                    1.0
                ]
            ]
        },
        {
            "idx": 2447,
            "transform_matrix": [
                [
                    -0.9726725415647947,
                    -0.022548717198503123,
                    -0.23108371262073846,
                    544376.2508777509
                ],
                [
                    -0.028797593733578573,
                    0.9993041680876339,
                    0.023703970929733177,
                    3924255.1170973782
                ],
                [
                    0.2303884230620928,
                    0.029710856523900635,
                    -0.9726450737671878,
                    1174.552156190289
                ],
                [
                    0.0,
                    0.0,
                    0.0,
                    1.0
                ]
            ]
        },
        {
            "idx": 2448,
            "transform_matrix": [
                [
                    -0.9706426086932936,
                    0.025620732312868245,
                    -0.2391579065488524,
                    544391.1856496508
                ],
                [
                    0.026032259317374067,
                    0.9996600684742928,
                    0.0014383924379136198,
                    3924136.5018750634
                ],
                [
                    0.23911346190440697,
                    -0.004829655652818859,
                    -0.9709796222178735,
                    1163.1324500809762
                ],
                [
                    0.0,
                    0.0,
                    0.0,
                    1.0
                ]
            ]
        },
        {
            "idx": 2449,
            "transform_matrix": [
                [
                    -0.9886587886471574,
                    0.04206137261788086,
                    -0.14416879192194906,
                    544405.6486714047
                ],
                [
                    0.042328866798089795,
                    0.9991029958576001,
                    0.0012127258380293644,
                    3924017.3348665345
                ],
                [
                    0.14409048083174691,
                    -0.0049035295317184854,
                    -0.9895523678572076,
                    1155.5857836158
                ],
                [
                    0.0,
                    0.0,
                    0.0,
                    1.0
                ]
            ]
        },
        {
            "idx": 2450,
            "transform_matrix": [
                [
                    -0.9845920444273292,
                    0.10511299901312485,
                    -0.1397489301886731,
                    544419.4232930955
                ],
                [
                    0.1046009847487186,
                    0.9944531638991274,
                    0.011024463733604972,
                    3923898.8753475505
                ],
                [
                    0.14013258022319489,
                    -0.003763276429130067,
                    -0.9901255969373317,
                    1147.2020329381328
                ],
                [
                    0.0,
                    0.0,
                    0.0,
                    1.0
                ]
            ]
        },
        {
            "idx": 2451,
            "transform_matrix": [
                [
                    -0.996378832396061,
                    0.0656055471037346,
                    -0.054084512961491936,
                    544433.2861108342
                ],
                [
                    0.06328505738952926,
                    0.997044526474143,
                    0.04355701710581269,
                    3923779.369799238
                ],
                [
                    0.056782249552708934,
                    0.03997654833989215,
                    -0.9975859119487214,
                    1139.6299236500176
                ],
                [
                    0.0,
                    0.0,
                    0.0,
                    1.0
                ]
            ]
        },
        {
            "idx": 2452,
            "transform_matrix": [
                [
                    -0.9895878743332299,
                    0.11300609433250636,
                    -0.08913731887572149,
                    544446.8764160406
                ],
                [
                    0.11084065315011216,
                    0.9934180202136764,
                    0.028896136835159337,
                    3923660.612703619
                ],
                [
                    0.09181605840971342,
                    0.01871522798291269,
                    -0.9956000962533359,
                    1130.7955197654007
                ],
                [
                    0.0,
                    0.0,
                    0.0,
                    1.0
                ]
            ]
        },
        {
            "idx": 2453,
            "transform_matrix": [
                [
                    -0.9974658970583603,
                    0.030235544300747406,
                    -0.06440183278756,
                    544459.411346274
                ],
                [
                    0.028287775957225914,
                    0.9991207404486853,
                    0.030944268236049916,
                    3923541.9801284648
                ],
                [
                    0.06528082365406465,
                    0.02904406765775686,
                    -0.9974441619443855,
                    1121.5180992753549
                ],
                [
                    0.0,
                    0.0,
                    0.0,
                    1.0
                ]
            ]
        },
        {
            "idx": 2454,
            "transform_matrix": [
                [
                    -0.9879357155549238,
                    0.06971294575115135,
                    -0.13828639530220418,
                    544470.8940880368
                ],
                [
                    0.06417304298982057,
                    0.9969626384327348,
                    0.04412842760247577,
                    3923423.229641186
                ],
                [
                    0.1409426921993726,
                    0.034721790909129885,
                    -0.989408689446204,
                    1114.2477856938813
                ],
                [
                    0.0,
                    0.0,
                    0.0,
                    1.0
                ]
            ]
        },
        {
            "idx": 2455,
            "transform_matrix": [
                [
                    -0.9850252182450484,
                    0.07442545648084078,
                    -0.15551903693411148,
                    544484.4353318337
                ],
                [
                    0.07264691528385105,
                    0.9972111764827135,
                    0.017096642878156446,
                    3923304.8328735502
                ],
                [
                    0.15635774723702062,
                    0.005542646081135201,
                    -0.987684936583212,
                    1105.4883825345198
                ],
                [
                    0.0,
                    0.0,
                    0.0,
                    1.0
                ]
            ]
        },
        {
            "idx": 2456,
            "transform_matrix": [
                [
                    -0.9888547224700653,
                    0.08116697877057721,
                    -0.12481289759438444,
                    544498.1056141129
                ],
                [
                    0.07867178809215258,
                    0.99659204063948,
                    0.024800288151958203,
                    3923185.9271857436
                ],
                [
                    0.12640050477364823,
                    0.01470462822696933,
                    -0.9918702971163482,
                    1097.6601752312185
                ],
                [
                    0.0,
                    0.0,
                    0.0,
                    1.0
                ]
            ]
        },
        {
            "idx": 2457,
            "transform_matrix": [
                [
                    -0.9875953584404306,
                    0.10280580586454127,
                    -0.11868603231829358,
                    544511.4141682963
                ],
                [
                    0.10140497560786058,
                    0.9946860059163702,
                    0.017798330149423072,
                    3923066.4824615605
                ],
                [
                    0.11988510711879927,
                    0.005542194031330294,
                    -0.9927723027846982,
                    1089.837876266647
                ],
                [
                    0.0,
                    0.0,
                    0.0,
                    1.0
                ]
            ]
        },
        {
            "idx": 2458,
            "transform_matrix": [
                [
                    -0.9855934795385433,
                    -0.01045253605210821,
                    -0.16880828647073506,
                    544521.5585139556
                ],
                [
                    -0.015588296662538888,
                    0.9994541600619403,
                    0.029127082621540668,
                    3922947.249803374
                ],
                [
                    0.16841169228490957,
                    0.031338896358371574,
                    -0.985218440487576,
                    1083.6403247520172
                ],
                [
                    0.0,
                    0.0,
                    0.0,
                    1.0
                ]
            ]
        },
        {
            "idx": 2459,
            "transform_matrix": [
                [
                    -0.966298858411065,
                    0.09435312562397984,
                    -0.2395078368622989,
                    544534.7373690784
                ],
                [
                    0.07830321597572311,
                    0.9940523522214937,
                    0.07568703594919572,
                    3922828.5800350034
                ],
                [
                    0.2452246370194711,
                    0.05438206255651821,
                    -0.9679398063261822,
                    1075.7796841829113
                ],
                [
                    0.0,
                    0.0,
                    0.0,
                    1.0
                ]
            ]
        },
        {
            "idx": 2460,
            "transform_matrix": [
                [
                    -0.9885520017967852,
                    0.11522662253899121,
                    -0.09740516003695443,
                    544551.5008248249
                ],
                [
                    0.11272411409327983,
                    0.9931477847496374,
                    0.030834262578710504,
                    3922710.354386558
                ],
                [
                    0.10029064684931044,
                    0.01950136162283215,
                    -0.9947670496399653,
                    1066.7929818330504
                ],
                [
                    0.0,
                    0.0,
                    0.0,
                    1.0
                ]
            ]
        },
        {
            "idx": 2461,
            "transform_matrix": [
                [
                    -0.9882994348251164,
                    0.09915802803321266,
                    -0.11589612849840679,
                    544564.9105650148
                ],
                [
                    0.09943472739814141,
                    0.9950382575041231,
                    0.003406037347879773,
                    3922591.4482057584
                ],
                [
                    0.11565881769935189,
                    -0.00815791515783623,
                    -0.9932554990075134,
                    1058.2047663281767
                ],
                [
                    0.0,
                    0.0,
                    0.0,
                    1.0
                ]
            ]
        },
        {
            "idx": 2462,
            "transform_matrix": [
                [
                    -0.9864938351052468,
                    0.08873273711172754,
                    -0.13768229611683108,
                    544578.5553495947
                ],
                [
                    0.08817449804679396,
                    0.996053221875523,
                    0.010160565219809,
                    3922473.193984313
                ],
                [
                    0.13804046940494524,
                    -0.002116732399505259,
                    -0.9904243273720668,
                    1051.8438772972595
                ],
                [
                    0.0,
                    0.0,
                    0.0,
                    1.0
                ]
            ]
        },
        {
            "idx": 2463,
            "transform_matrix": [
                [
                    -0.9808175759424292,
                    0.04054244316290769,
                    -0.19066513321737324,
                    544589.7003027621
                ],
                [
                    0.04036788669240792,
                    0.9991733500671796,
                    0.004801066497988778,
                    3922353.860916682
                ],
                [
                    0.19070216686342395,
                    -0.0029877780894160223,
                    -0.9816433959110009,
                    1044.2077083841832
                ],
                [
                    0.0,
                    0.0,
                    0.0,
                    1.0
                ]
            ]
        },
        {
            "idx": 2464,
            "transform_matrix": [
                [
                    -0.9679669213293149,
                    0.07939770644824932,
                    -0.23819329004614154,
                    544601.5577615909
                ],
                [
                    0.07557688065070187,
                    0.9968228682057988,
                    0.02514566628813393,
                    3922235.321294327
                ],
                [
                    0.2394330268015614,
                    0.0063382673280840945,
                    -0.9708921938320034,
                    1038.388318706363
                ],
                [
                    0.0,
                    0.0,
                    0.0,
                    1.0
                ]
            ]
        },
        {
            "idx": 2465,
            "transform_matrix": [
                [
                    -0.9805496666297326,
                    0.09694946507276095,
                    -0.17065506876276815,
                    544615.6660157881
                ],
                [
                    0.09260262880931229,
                    0.9951471909395561,
                    0.033268926984729955,
                    3922117.528141271
                ],
                [
                    0.1730523169735798,
                    0.0168187272769396,
                    -0.9847690216506908,
                    1032.091328247753
                ],
                [
                    0.0,
                    0.0,
                    0.0,
                    1.0
                ]
            ]
        },
        {
            "idx": 2466,
            "transform_matrix": [
                [
                    -0.9838709847069376,
                    0.09837345273574367,
                    -0.1494006333609366,
                    544629.9394875298
                ],
                [
                    0.09589534985699118,
                    0.9951087833068045,
                    0.023719006333661793,
                    3921998.147230368
                ],
                [
                    0.1510032030375709,
                    0.009009616112766843,
                    -0.9884922151893226,
                    1024.9248955067162
                ],
                [
                    0.0,
                    0.0,
                    0.0,
                    1.0
                ]
            ]
        },
        {
            "idx": 2467,
            "transform_matrix": [
                [
                    -0.9858008718400362,
                    0.07849984750698986,
                    -0.148439937418485,
                    544642.0808768321
                ],
                [
                    0.07414045863291716,
                    0.9966444258819797,
                    0.03468545447416667,
                    3921878.812556259
                ],
                [
                    0.1506646390933357,
                    0.023187546221153398,
                    -0.9883129586457505,
                    1018.0142881037071
                ],
                [
                    0.0,
                    0.0,
                    0.0,
                    1.0
                ]
            ]
        },
        {
            "idx": 2468,
            "transform_matrix": [
                [
                    -0.9878690211139797,
                    0.08771329166221307,
                    -0.12814513486311768,
                    544655.4733107409
                ],
                [
                    0.08556947233571317,
                    0.9960859388937375,
                    0.02215102124889171,
                    3921759.288686009
                ],
                [
                    0.12958650596221316,
                    0.010916996105191834,
                    -0.9915080214847201,
                    1010.6634761178366
                ],
                [
                    0.0,
                    0.0,
                    0.0,
                    1.0
                ]
            ]
        },
        {
            "idx": 2469,
            "transform_matrix": [
                [
                    -0.9837547608827107,
                    0.12361715512553323,
                    -0.13017438073319218,
                    544667.6809956215
                ],
                [
                    0.12533028627995224,
                    0.9921023764401752,
                    -0.005019362782451002,
                    3921640.7867496996
                ],
                [
                    0.12852583312931853,
                    -0.021252614437440143,
                    -0.99147840954707,
                    1003.4403184760451
                ],
                [
                    0.0,
                    0.0,
                    0.0,
                    1.0
                ]
            ]
        },
        {
            "idx": 2470,
            "transform_matrix": [
                [
                    -0.9763294138530219,
                    0.13884320772547887,
                    -0.16584160911518345,
                    544681.5953109309
                ],
                [
                    0.14087953581125565,
                    0.9900266083257037,
                    -0.0005207655028969772,
                    3921521.8781306986
                ],
                [
                    0.16411530103868716,
                    -0.023872127588537028,
                    -0.9861522648604408,
                    997.3329195753948
                ],
                [
                    0.0,
                    0.0,
                    0.0,
                    1.0
                ]
            ]
        },
        {
            "idx": 2471,
            "transform_matrix": [
                [
                    -0.9766814420503466,
                    0.07609245950578454,
                    -0.20075681398352607,
                    544691.998992571
                ],
                [
                    0.07462294206412017,
                    0.9971006691247231,
                    0.01488865839236031,
                    3921403.1024060724
                ],
                [
                    0.20130766819013757,
                    -0.00043958775002455463,
                    -0.9795279625873167,
                    992.6006635724613
                ],
                [
                    0.0,
                    0.0,
                    0.0,
                    1.0
                ]
            ]
        },
        {
            "idx": 2472,
            "transform_matrix": [
                [
                    -0.9833060021187049,
                    0.10813152801318596,
                    -0.14634506772304667,
                    544705.3988928563
                ],
                [
                    0.11122293930140202,
                    0.9937093385882412,
                    -0.013084654205483411,
                    3921284.3540480738
                ],
                [
                    0.14400959679995698,
                    -0.029143147600319576,
                    -0.9891470633720041,
                    984.502691986501
                ],
                [
                    0.0,
                    0.0,
                    0.0,
                    1.0
                ]
            ]
        },
        {
            "idx": 2473,
            "transform_matrix": [
                [
                    -0.9912159100016213,
                    0.05256526468814655,
                    -0.1213586120055842,
                    544720.8268853896
                ],
                [
                    0.05250477308696212,
                    0.9986138245521566,
                    0.003698407278949318,
                    3921165.9811902246
                ],
                [
                    0.1213847954347803,
                    -0.0027059862489415085,
                    -0.9926018381383728,
                    979.349293090548
                ],
                [
                    0.0,
                    0.0,
                    0.0,
                    1.0
                ]
            ]
        },
        {
            "idx": 2474,
            "transform_matrix": [
                [
                    -0.9873780900772309,
                    0.09325084875602767,
                    -0.12801869567262375,
                    544734.1741854023
                ],
                [
                    0.08899597344054637,
                    0.9952846819728652,
                    0.03857613953653306,
                    3921047.161586875
                ],
                [
                    0.131012304562621,
                    0.02669608653816056,
                    -0.9910212384286916,
                    974.3506859506294
                ],
                [
                    0.0,
                    0.0,
                    0.0,
                    1.0
                ]
            ]
        },
        {
            "idx": 2475,
            "transform_matrix": [
                [
                    -0.9877913827749625,
                    0.07990547308630146,
                    -0.13372845428846442,
                    544746.0207161573
                ],
                [
                    0.08167014752729515,
                    0.9966292499281973,
                    -0.007754043488956477,
                    3920927.9494527746
                ],
                [
                    0.13265809857825273,
                    -0.01858099993038955,
                    -0.9909876766757443,
                    966.763543873357
                ],
                [
                    0.0,
                    0.0,
                    0.0,
                    1.0
                ]
            ]
        },
        {
            "idx": 2476,
            "transform_matrix": [
                [
                    -0.9840983024361266,
                    0.14079482514801114,
                    -0.10829288228629712,
                    544760.2201627814
                ],
                [
                    0.1440739148684294,
                    0.9892987415508355,
                    -0.023037079251023634,
                    3920810.2589029395
                ],
                [
                    0.10389051061967776,
                    -0.038272930087391716,
                    -0.9938520738146633,
                    960.4713056593671
                ],
                [
                    0.0,
                    0.0,
                    0.0,
                    1.0
                ]
            ]
        },
        {
            "idx": 2477,
            "transform_matrix": [
                [
                    -0.993502641895436,
                    0.09367853404898005,
                    -0.06462842103303514,
                    544772.829704654
                ],
                [
                    0.09439911444714201,
                    0.9955008195403469,
                    -0.00818079984434484,
                    3920690.7098907866
                ],
                [
                    0.06357128076721871,
                    -0.014228511971809936,
                    -0.9978758648793362,
                    955.5800722334598
                ],
                [
                    0.0,
                    0.0,
                    0.0,
                    1.0
                ]
            ]
        },
        {
            "idx": 2478,
            "transform_matrix": [
                [
                    -0.9837930129628732,
                    0.12486827758580925,
                    -0.1286826363507712,
                    544785.4846411645
                ],
                [
                    0.1260898872165413,
                    0.9920178906989201,
                    -0.0013582617514295101,
                    3920572.6575791393
                ],
                [
                    0.12748587367685654,
                    -0.017561827525027014,
                    -0.9916848966414832,
                    949.5844189031836
                ],
                [
                    0.0,
                    0.0,
                    0.0,
                    1.0
                ]
            ]
        },
        {
            "idx": 2479,
            "transform_matrix": [
                [
                    -0.9958308667290985,
                    0.024202553567134993,
                    -0.08794953820459422,
                    544798.3926464532
                ],
                [
                    0.025163893369782298,
                    0.9996349276505722,
                    -0.009838185376869321,
                    3920453.6421438456
                ],
                [
                    0.0876793210514637,
                    -0.012010321472191329,
                    -0.9960763468921888,
                    944.8585643146995
                ],
                [
                    0.0,
                    0.0,
                    0.0,
                    1.0
                ]
            ]
        },
        {
            "idx": 2480,
            "transform_matrix": [
                [
                    -0.9636487294528567,
                    0.06688468392728074,
                    -0.25866496724497323,
                    544808.859469354
                ],
                [
                    0.07180070094599575,
                    0.997372854287754,
                    -0.009594210418903494,
                    3920334.8890150534
                ],
                [
                    0.25734371095396724,
                    -0.027817774638641816,
                    -0.9659194510136934,
                    940.0319638284026
                ],
                [
                    0.0,
                    0.0,
                    0.0,
                    1.0
                ]
            ]
        },
        {
            "idx": 2481,
            "transform_matrix": [
                [
                    -0.9826750380430284,
                    0.11807166317932316,
                    -0.14285955327243718,
                    544823.3506473339
                ],
                [
                    0.11986143844121167,
                    0.9927827433961707,
                    -0.0039572704704922464,
                    3920216.047694798
                ],
                [
                    0.1413612577120602,
                    -0.02101206246044076,
                    -0.9897350595231141,
                    935.208502675353
                ],
                [
                    0.0,
                    0.0,
                    0.0,
                    1.0
                ]
            ]
        },
        {
            "idx": 2482,
            "transform_matrix": [
                [
                    -0.9744077961429188,
                    -0.040033777776927904,
                    -0.22119390464659588,
                    544833.2296826041
                ],
                [
                    -0.03956380777222567,
                    0.9991955341978633,
                    -0.006556641946063881,
                    3920096.0273459745
                ],
                [
                    0.22127844886129824,
                    0.0023624300950636093,
                    -0.9752078070819492,
                    930.0752383440836
                ],
                [
                    0.0,
                    0.0,
                    0.0,
                    1.0
                ]
            ]
        },
        {
            "idx": 2483,
            "transform_matrix": [
                [
                    -0.9647355811403833,
                    0.11895429830661258,
                    -0.23480871661015537,
                    544848.7421895617
                ],
                [
                    0.12036097837179266,
                    0.9926947830236061,
                    0.008384667143086933,
                    3919977.8279710514
                ],
                [
                    0.23409078018391005,
                    -0.02017282013246865,
                    -0.9720054341210193,
                    925.8038299185744
                ],
                [
                    0.0,
                    0.0,
                    0.0,
                    1.0
                ]
            ]
        },
        {
            "idx": 2484,
            "transform_matrix": [
                [
                    -0.9690462099276137,
                    0.1570423448011208,
                    -0.19049185012564926,
                    544862.3321476672
                ],
                [
                    0.16129093638898126,
                    0.9868827224413623,
                    -0.006908399633080511,
                    3919859.871579585
                ],
                [
                    0.18690820437769054,
                    -0.03741916736233743,
                    -0.9816644686705417,
                    919.1916042765698
                ],
                [
                    0.0,
                    0.0,
                    0.0,
                    1.0
                ]
            ]
        },
        {
            "idx": 2485,
            "transform_matrix": [
                [
                    -0.9926396614368573,
                    0.06902839903827865,
                    -0.09950669660245764,
                    544876.150530536
                ],
                [
                    0.07009983943555814,
                    0.9975132147601068,
                    -0.007307454417652922,
                    3919741.9591612075
                ],
                [
                    0.09875482293858034,
                    -0.014229072533699344,
                    -0.9950100594673407,
                    917.3967140529758
                ],
                [
                    0.0,
                    0.0,
                    0.0,
                    1.0
                ]
            ]
        },
        {
            "idx": 2486,
            "transform_matrix": [
                [
                    -0.9898372710122507,
                    0.017229911829016717,
                    -0.1411570297696279,
                    544889.7136999121
                ],
                [
                    0.012260647623529493,
